PAGASA 14.6452 121.0442
MO	14.636002	121.077445
MOIP	14.636002	121.077445
MOD	7.07	125.58
xuws2	8.4768	124.6463
mo001	14.6691	121.1096
mo002	6.9102	122.0761
mo003	6.495556	124.841111
zipzone	8.23323727	124.8046875
mo004	14.56097	121.0436
makati01	14.545027	121.018201
makati02	14.57036	121.02722
makati03	14.5620581	121.0081722
makati04	14.55995269	121.0633492
makati05	14.55210074	121.034136
makati06	14.54640079	121.062039
mw001	14.43998952	121.0052848
mw002	14.67340545	121.0792547
mw003	14.63425786	121.0587144
mw004	14.66924866	121.0333943
mw005	14.6184318	121.1303589
mw006	14.58310583	121.0973033
mw007	14.65680893	120.9924491
mw008	14.63707492	120.9565169
mw009	14.69297922	120.9692037
mw010	14.61667212	120.9857368
mw011	14.59961708	121.0284618
mw012	14.72003	121.01688
mw013	14.49157461	120.9914607
mw014	14.4511454	120.9792432
mw015	14.47062	121.00902
mw016	14.50937	121.032897
mw017	14.56531	120.98684
mw018	14.71135268	121.0968836
mw019	14.7338102	121.1287174
mw020	14.68129978	121.1184955
mw021	14.57948985	121.1675477
mw022	14.54138742	121.115596
mw023	14.39936766	121.3385573
mw024	14.52438107	121.1446604
mw026	14.38696872	120.5879116
mw027	14.61074934	121.1993372
makati07	14.55826	121.04095
mw028	14.60829829	121.1039329
Shell001	10.71004499	122.5512218
Shell002	10.69656858	122.5820384
Shell003	10.64526	122.243349
Shell004	11.10610701	122.6411438
Shell005	11.056352	122.477027
Shell006	10.95048	122.500294
Shell007	10.810625	122.531322
Shell008	10.749819	122.539315
Shell009	10.688614	122.528994
Shell010	10.74679	122.567328
Shell012	7.114436925	125.6224601
Shell013	7.12210173	125.6590282
Shell014	7.0796133	125.6248066
Shell015	7.098626	125.575087
Shell016	7.041078	125.578091
Shell017	7.0553	125.546559
Shell018	7.042395	125.528707
Shell019	7.192871	125.45346
Shell020	6.654619	126.076017
Shell021	6.466603	126.155871
Shell022	7.592894	126.498599
Shell024	13.503911	123.034821
Shell025	11.259772	124.986745
Shell028	12.362402	123.607482
Shell029	9.652094	123.849494
Shell030	9.124771	125.524899
Shell031	13.427549	121.201965
Shell026	10.6932438	122.5730534
Shell027	8.209692	124.219758
Shell032	8.476847	124.67709
Shell033	8.497295	124.630253
Shell034	8.494845	124.659245
Shell035	8.50059	124.750415
Shell036	8.450758	124.623054
Shell037	8.48436	124.65892
Shell038	8.478869	124.638101
Shell039	8.474003	124.725338
Shell040	8.503659	124.59481
mw030	14.73614793	121.1520534
Shell041	14.83084406	120.9085112
Shell042	12.1323126	125.436031
Shell023	14.5957859	121.0037292
Shell043	11.24360019	125.0079911
Shell044	11.14914472	125.6629941
Shell046	14.24229	121.1142964
Shell047	14.2808544	120.8869447
Shell048	14.3877033	120.963819
Shell050	14.875361	120.235204
980001	11.3581	120.7242
980002	11.37	120.72
980003	10.6589	122.9658
980004	9.544	125.8181
980005	8.5907	123.3422
980006	8.5541	125.9449
980007	6.7646	125.3065
980008	7.4528	125.7796
980009	7.0943	125.6122
980011	8.2167	124.5833
980012	13.4052	121.1777
980014	13.5966	123.2496
980015	15.7518	121.5363
980016	13.8458	121.2066
980017	13.4426	121.8269
980018	16.0336	120.2313
980019	15.6618	119.9301
980021	14.4328	120.9458
980022	17.6226	121.7216
980023	20.4563	121.9695
980024	16.4627	120.5877
980025	13.2221	120.6072
980026	16.49	121.16
980027	14.2555	121.4077
980028	17.1018	121.8647
980029	14.9709	121.0647
980031	18.1985	120.5914
980033	15.0804	120.6364
980034	13.1394	123.7344
980035	16.6129	120.3184
980036	17.5762	120.3865
980037	15.4688	120.6048
980038	14.5861	121.1692
980039	14.0021	121.9208
980041	14.0901	121.0073
980042	6.9401	125.4408
980043	14.5966	120.9496
980044	8.5507	117.4356
980045	10.5382	122.8349
980046	16.4599	120.7454
980047	11.5851	122.7552
980048	8.7422	124.7743
980049	6.9492	126.225
980051	9.0674	126.194
980052	8.0091	124.2778
980053	7.5758	125.9929
980054	6.4924	124.8379
980055	14.6472	121.0719
980058	7.1892	124.5329
980059	9.7806	125.4912
980061	9.448	125.5768
980062	6.6333	124.6
980063	14.544	121.0395
980064	5.8214	125.2046
980065	9.1455	124.6553
980066	11.4685	122.3205
980067	10.3168	123.8907
980068	9.2887	123.2184
980069	9.1289	123.6336
980071	10.7433	121.9417
980072	10.5983	122.5905
980073	10.9339	122.5799
980074	16.1562	119.9798
980075	11.5751	122.7573
980076	11.6033	125.4382
980077	10.134	124.8596
980078	11.5667	124.4091
980079	10.7591	125.0043
980081	9.8697	124.2944
980083	11.7719	124.8861
980084	10.0086	125.5742
980085	17.5618	120.5922
980086	8.0543	123.7919
980087	15.4888	120.9698
980088	16.2781	121.6582
980089	12.9713	124.0025
980091	7.0252	125.5749
980092	9.7392	118.7441
980093	6.7	121.9
980095	17.0903	120.9758
980096	13.5861	124.2369
980097	16.7972	121.1225
980098	12.5792	122.2749
980099	10.6777	122.9518
980101	7.8462	123.429
980102	14.1423	122.8739
980103	17.4111	121.4415
980104	18.331	121.3723
980105	16.4142	120.5911
980106	14.6817	120.5383
980107	15.5066	120.9676
980108	16.9299	121.7717
980109	15.2933	120.9481
980111	17.1431	121.8886
980112	18.2068	120.582
980113	14.8368	120.2823
980114	15.5628	121.1003
980115	15.925	120.3476
980116	16.6133	120.3522
980117	15.7917	120.9919
980118	16.7041	121.5583
980119	16.0038	120.5763
980121	17.575	120.387
980122	8.4767	124.6408
980123	8.5774	123.3386
980124	8.817	125.1057
980125	8.2306	124.2513
980126	8.1834	125.148
980127	8.485	123.8076
980128	8.1523	123.8488
980129	7.8228	123.4382
980131	8.0666	123.731
980132	7.9308	125.098
980133	7.4	122.3
980134	8.1817	126.3621
980135	8.9534	125.5292
980137	8.6382	123.4145
980138	6.7438	125.3569
980139	7.0051	125.0548
980141	6.4797	124.8656
980142	6.7051	121.9712
980143	12.0397	123.1918
980144	9.7917	125.4931
980145	7.42	125.825
980146	6.6936	124.6762
980147	6.1469	125.1072
980148	7.3	125.5
980149	7.1893	125.4519
980151	13.7555	121.0584
980152	13.3795	121.1836
980153	13.4193	123.4132
980154	13.14141	123.76
980155	13.2399	123.536
980156	13.9468	121.5894
980157	9.5987	123.0206
980158	9.3679	122.8138
980159	12.3717	123.6222
980161	13.3594	123.7309
980162	17.1661	120.4413
980163	14.0992	120.9395
980164	15.7131	120.9039
980165	17.6508	121.7544
980166	14.4617	120.9599
980167	14.0684	121.3237
980168	14.1935	121.1603
980169	14.2773	121.1233
980171	14.3266	120.9363
980172	14.4293	120.9366
980173	14.3144	121.1139
980174	14.0812	121.1524
980175	14.6782	120.5198
980176	14.2811	120.8697
980177	14.4832	120.9088
980178	14.3146	121.0795
980179	13.9288	121.6142
980181	6.0531	121.0097
980182	12.0664	124.5947
980183	10.2927	123.9019
980184	9.2916	123.2625
980185	10.3164	123.9652
980186	10.1319	124.8383
980189	9.6546	123.866
980191	10.2541	123.8277
980192	10.3798	123.6585
980193	9.7861	118.7344
980194	10.3271	123.9433
980195	10.9562	123.3107
980196	10.3862	123.2166
980197	10.8	123.5
980198	11.1174	122.6464
980199	10.099	122.8715
980201	10.0043	122.8062
980202	10.4266	122.9214
980203	10.8766	123.408
980204	10.512	123.2781
980205	10.8023	122.9725
980206	9.7689	122.4323
980207	10.7478	122.9793
980208	9.5159	123.1564
980209	10.8931	123.0474
980211	10.519	124.0269
980212	10.6937	122.572
980221	14.7189	120.2666
980224	14.1919	120.602
980225	9.5112	123.1204
980226	15.3887	121.3913
980301	14.0886	121.0072
980303	14.5992	120.9653
980304	15.0292	120.6781
980305	14.725	121.0433
980306	17.0054	120.9222
980309	14.5438	120.9949
980311	11.925	121.9519
980312	16.8279	121.453
980315	14.5779	121.0338
980316	7.7589	125.0413
980317	14.6042	121.0186
980318	14.4093	120.8577
980319	14.5842	121.0572
980321	14.962	120.8909
980322	14.7548	120.9553
980323	14.4861	121.0432
980324	14.6264	121.0853
980325	14.3847	120.9766
980326	14.377	121.0451
980327	14.6251	121.1197
980328	14.7342	121.0567
980329	14.4332	121.0108
980331	14.4788	120.9922
980332	16.4089	120.5991
980333	14.313	121.0986
980334	16.4334	121.1133
980335	15.0523	120.7017
980336	14.7083	121.0364
980337	14.5842	121.0776
980338	7.0989	125.6312
980339	14.565	121.1408
980341	14.0703	121.3006
980342	15.1692	120.5815
980343	14.6186	120.9859
980344	14.2039	121.1551
980345	8.4566	124.6224
980346	14.8261	120.283
980347	13.9548	121.1631
980348	15.4786	120.5941
980349	10.7144	122.5513
980351	7.0498	125.5901
980352	10.3116	123.919
980353	10.6736	122.9443
980354	14.6576	121.0297
980355	14.4486	120.9813
980356	13.9414	121.626
980357	15.8784	120.6006
980358	15.0278	120.6922
980359	10.381	123.9637
980361	14.3015	120.9564
980362	14.5894	120.9826
980363	13.041	124.043
980365	7.6001	125.7427
980366	15.0118	120.8657
980368	14.445	120.95
980369	16.9371	121.7692
980371	13.6205	123.1899
980372	14.6864	120.9765
980374	13.7551	121.0695
980375	6.1167	125.18
980376	16.3946	120.7298
980377	14.6138	121.0558
980378	11.0153	123.9925
980379	7.0861	124.9152
980381	6.3984	125.618
980382	15.0643	120.7228
980384	6.959	126.2036
980386	11.2814	125.0678
980387	11.5678	124.9283
980388	11.762444	124.950586
980389	11.109221	125.386353
980391	11.500087	125.501189
980392	11.903908	125.418658
980393	11.3237814	125.6193361
980394	12.504467	124.284345
980395	11.034203	125.722283
980396	11.097626	125.709121
980397	14.942758	120.948593
980398	14.845233	120.797119
980399	14.85	120.9797
980402	15.7669	119.9092
980403	14.96	120.1719
980404	15.986881	120.704978
980405	16.0274	120.7478
980406	17.256	121.8715
980407	17.4184	121.8153
980408	10.7472	125.013092
980409	10.916005	124.694231
980411	10.676627	124.79839
980412	11.3074	124.6889
980413	10.953289	125.033821
980414	16.6265	120.3212
980415	8.9432	125.5218
980416	16.6691	120.3863
980418	16.5337	120.397
980419	17.4282	120.472
980421	18.2328	120.639
980422	18.1659	120.7153
980423	18.2482	120.578
980424	16.8221	120.4041
980425	15.323	120.6563
980427	14.1977	121.1335
980428	13.355	123.7206
980429	13.4647	123.6639
980431	12.6656	123.8781
980432	12.9203	124.1225
980433	13.2675	123.7936
980434	13.2342	123.7722
980435	8.5561	124.509
980436	13.7069	123.2139
980437	12.7539	124.1387
980438	10.3792	124.7486
980439	10.846968	125.002241
980441	14.362642	121.054695
980442	14.29992	121.096848
980444	14.926817	121.029915
980445	14.937287	121.058502
980446	10.4997	124.7403
980447	10.9265	124.4345
980451	11.1116	125.0169
980452	10.247117	124.796001
980453	11.05	124.3833
980454	11.3074	124.3703
980455	11.158469	124.990585
980456	11.063216	125.03791
980457	11.406111	124.350556
980458	11.177859	125.003174
980459	14.6416	121.2233
980461	12.499	124.6385
980462	12.408389	125.053142
980463	12.385599	125.302461
980464	12.570013	125.010571
980465	12.5278	124.4851
980466	15.337026	120.591614
980467	15.5205	120.572464
980468	15.671258	120.577438
980469	12.5629	124.9267
980471	8.3702	124.9747
980472	8.5338	124.7559
980473	11.0461	123.9791
980474	11.0839	123.9376
980475	10.030149	125.017258
980476	10.527667	125.162857
980477	10.156251	125.117859
980478	10.071054	124.944618
980479	10.351685	125.253143
980481	10.394213	125.198502
980483	9.9114	125.2766
980485	10.157987	125.003853
980486	10.2811	125.1377
980488	10.262027	125.173508
980489	10.274247	125.25798
980491	10.384825	124.980827
980492	15.559932	120.926857
980493	15.584015	120.876694
980494	6.6611111	124.69666
980495	6.517	124.8249
980496	12.035679	125.484521
980497	12.0132	124.8116
980498	15.578204	120.814441
980499	15.737144	120.572906
980501	15.326893	120.551369
980502	15.35293	120.599606
980503	9.7405	118.7557
980504	9.33285	123.295242
980505	12.12	120.0995
980506	13.748	120.9908
980507	13.6782	121.0513
980508	7.83	123.4627
980509	9.6567	123.3254
980511	10.6469	124.3817
980512	9.4258	123.3402
980513	10.7283	123.8247
980514	7.245973	124.509895
980516	9.065997	126.19632
980517	8.2246	126.3006
980519	9.7833	125.4833
980521	14.204878	121.089955
980522	9.7646	126.0407
980523	10.0769	123.4524
980524	8.4833	125.9667
980525	6.0723	125.1408
980526	6.7613	125.3651
980527	8.5643	123.6383
980528	7.690653	125.987532
980529	13.8344	121.1315
980531	9.8316	124.1827
980532	7.327	126.5649
980534	10.4701	123.6943
980535	14.636	121.094
980536	14.657	120.951
980537	13.889	121.213
980538	13.937	121.159
980539	14.699	120.995
980541	14.033	121.088
980542	14.4579	121.0323
980543	13.948368	120.747637
980544	14.6508	120.9474
980545	16.8573	120.7935
980546	17.0869	120.9385
980547	15.3054	120.9195
980548	10.1935	123.7401
980549	14.5494	121.0277
980551	14.5452	121.0532
980552	17.3972	121.44
980553	14.5195	120.5954
980554	15.5233	120.7911
980555	15.6611	120.7449
980556	14.1802	120.7461
980557	7.8267	124.7778
980558	14.791	120.2758
980559	14.8021	120.261
980561	10.7087	122.5921
980563	7.2104	125.6498
980564	14.0907	121.2253
980565	8.526	124.755
980566	6.097	125.1584
980567	15.7406	121.6379
980568	5.9126	125.645
980569	13.5799	124.2127
980571	11.6843	122.3825
980572	10.6988	122.5675
980573	13.825	121.3966
980574	7.3991	122.9138
980575	14.6304	120.9458
980576	8.5992	123.3417
980577	13.841	121.2052
980578	15.003	120.6079
980579	9.709	123.5076
980581	10.058	123.4373
980582	11.2497	123.9987
980583	11.2963	123.7332
980584	10.8294	122.4975
980591	11.0435	122.0643
980592	16.9272	121.7526
980593	17.642	121.7354
980594	11.6002	122.7503
980595	8.1809	123.8448
980596	9.0667	126.1667
980597	8.948	125.4822
980598	13.8329	120.6324
980599	15.849	121.5371
980601	9.2521	124.7051
980602	13.7749	123.8628
980603	14.0995	122.0131
980604	8.6085	124.4582
980605	14.1862	121.7295
980606	15.157	121.0777
980607	13.2609	123.5588
980608	13.5848	123.2678
980609	13.1559	123.7307
980611	13.4197	123.4248
980612	7.6099	126.5698
980613	14.7144	121.9384
980614	9.6583	123.8533
980615	11.2267	125.0261
980616	11.0129	124.6039
980617	7.1295	125.6445
980618	6.9221	122.0598
980619	14.5225	121.0013
980621	9.8565	126.0159
980622	7.0494	126.4482
980623	6.6535	126.0724
980624	11.2712	123.0949
980625	12.5049	124.6365
980626	7.7903	126.4543
980627	12.0777	124.5457
980628	14.1534	122.8307
980629	13.487	123.6173
980631	9.2133	124.7658
980632	16.781767	121.69561
980633	16.574364	121.695549
980634	9.7795	123.144
980635	10.1931	123.7496
980636	11.1489	124.4712
980637	10.3183	123.9807
980638	20.449	121.9751
980639	18.07	121.6061
980641	14.5551	121.0433
980642	14.2553	121.3785
980643	14.748	121.6508
980644	14.4704	121.4246
980645	13.3228	122.6781
980646	13.9214	122.0984
980647	10.5865	122.1421
980648	18.262264	121.997505
980649	18.227051	121.555763
980651	15.798057	120.288976
980652	10.9966	122.8082
980653	13.9756	120.9007
980654	13.8696	120.6647
980655	14.1639	120.819
980656	15.580133	120.591561
980657	15.81019	120.456051
980658	15.852117	120.256432
980659	16.027824	120.6298
980661	16.160775	119.876893
980662	16.053507	119.877826
980663	13.7484	120.9425
980664	8.3771	124.952
980665	17.448	121.4648
980666	17.8069	121.4233
980667	17.8214	121.494
980668	11.2436	125.0081
980669	12.3676	123.6274
980671	14.612	121.0867
980672	11.2218	124.9929
980673	18.0619	121.6456
980674	16.9514	121.4972
980675	17.2289	121.6331
980676	17.0411	121.8019
980677	17.158	121.9276
980678	16.989	121.9499
980679	17.9023	121.6535
980681	16.9035	121.763
980682	16.6187	121.4866
980683	17.8388	121.7236
980684	18.2879	121.8314
980685	18.5897	121.2213
980686	18.5333	121.0297
980687	18.5617	120.9922
980688	12.8895	120.7947
980689	12.3604	121.0449
980691	9.3362	125.9772
980692	9.2691	126.1694
980693	12.4	121.9814
980694	13.4989	120.9553
980695	8.6319	126.0957
980696	8.8876	126.3114
980697	8.3988	126.2927
980698	7.2173	125.549
980699	14.531	121.1537
980701	13.3466	122.5194
980702	13.8843	122.2602
980703	9.5405	125.5231
980704	7.1919	126.0812
980705	10.7788	123.0161
980706	10.3198	125.5391
980707	10.8834	123.1086
980708	10.9251	123.1332
980709	14.8086	120.8442
980711	9.7416	124.5734
980712	16.1302	121.9093
980713	16.3926	122.2117
980714	10.6796	123.0435
980715	10.6694	122.9561
980716	9.0627	123.035
980717	14.6704	121.6086
980718	10.7395	123.041
980719	9.6022	122.4672
980721	11.4119	122.5134
980722	10.3633	123.9231
980723	10.3067	123.9161
980725	14.7749	120.9988
980726	15.1497	120.5776
980727	15.4866	120.5898
980728	9.415	118.5369
980729	9.2381	117.9972
980731	16.2774	122.1233
980732	13.0402	124.1935
980733	10.6106	123.0444
980734	16.388	119.8928
980735	15.9905	119.8802
980736	13.9658	122.5395
980737	6.6353	124.067
980738	12.7502	124.1366
980739	12.5852	124.0854
980741	12.675615	123.874412
980742	12.82839	123.834699
980743	12.872319	124.008307
980744	9.6185	125.4018
980745	10.8252	119.5183
980746	10.3198	119.3407
980747	14.8386	121.0453
980748	16.5268	120.22
980749	13.6982	123.0619
980751	13.5085	123.0427
980752	14.0221	123.2588
980753	7.985905	117.062329
980754	16.853691	120.378395
980755	16.719984	120.34697
980756	14.331312	122.493795
980757	14.135755	122.924572
980758	14.071205	122.96092
980759	14.082372	122.957418
980761	8.7743	117.839203
980762	9.279841	118.419106
980763	10.120612	124.553908
980764	13.660955	123.190422
980765	17.857222	121.9025
980766	13.619671	123.220587
980767	13.564648	123.144241
980768	8.036845	126.413574
980769	12.936	124.1205
980771	12.9785	123.8003
980772	16.043052	120.336237
980773	16.288862	119.949043
980774	16.116441	119.798758
980775	16.4311	120.345052
980776	14.2650486	122.7722168
980777	14.185603	122.393062
980778	10.15038	124.327327
980779	16.322861	120.36661
980781	15.962731	120.575357
980782	9.782138	126.156242
980783	16.047812	120.591665
980784	18.515567	120.737609
980785	15.723408	119.888397
980786	15.491798	119.961723
980787	18.333277	120.618338
980788	18.1797	120.5335
980789	18.5602	120.7868
980791	18.5113	120.6447
980792	17.8554	120.4499
980793	9.758	125.4819
980794	13.6047	123.5223
980795	13.8821	122.7242
980796	13.6937	123.447
980797	7.8276	123.4394
980798	13.5716	122.5643
980799	14.1089	123.0116
980801	13.9584	122.2901
980802	13.5915	123.0813
980803	13.5958	123.1769
980804	13.2884	123.4141
980805	11.4263	122.0552
980807	18.3579	121.6371
980808	18.4438	121.4575
980809	15.4816	120.9795
980811	16.7814	121.5382
980812	18.3494	122.0906
980813	15.8754	120.8954
980814	15.3278	119.9765
980815	18.5598	121.2351
980816	14.4891	121.0623
980817	13.7343	123.521
980818	13.9218	122.5958
980819	13.5569	123.3726
980821	14.4044	120.9402
980822	14.2822	120.720214
980823	14.223	120.972112
980824	15.60447	121.029419
980825	17.752499	121.737623
980826	9.9517	123.9611
980827	14.1412	122.9507
980829	8.1213	122.6736
980831	8.440588	123.023518
980832	8.234388	122.99929
980833	13.595088	124.099615
980834	13.658804	124.37161
980835	15.243272	120.562505
980836	13.983793	124.13248
980837	13.757754	122.976509
980838	13.566483	123.183337
980839	12.906137	123.5946
980841	13.186778	124.12821
980842	14.0440667	124.161408
980843	13.941119	124.288865
980844	12.923989	123.675676
980845	13.781289	124.390842
980846	7.499646	123.341599
980848	13.8161	123.3376
980849	17.687616	120.428056
980851	18.102838	120.699918
980852	17.426969	120.474086
980853	17.681271	120.361642
980854	17.793623	120.45469
980855	18.346228	121.497945
980856	13.70833	123.214686
980857	9.7333	118.733879
980859	6.982857	124.437723
980861	7.5487	126.1371
980862	7.3632	125.8196
980863	6.056	125.0972
980864	18.0579	120.5214
980865	12.2314	123.507
980866	12.5118	123.3964
980867	12.0397	123.1918
980868	12.702875	124.6572388
980869	8.49665	124.6572388
980871	15.4918	119.9617
980872	14.607198	120.40198
980873	9.238408	126.063368
980874	7.7434	122.2969
980875	12.4207	123.7805
980876	11.47420	123.08858
980877	10.43053	121.92657
980878	7.66853	126.085409
980879	9.062	123.1151
980881	11.8185	122.1622
980882	12.5707	123.7329
980883	17.1242	121.6145
980884	18.1331	121.6687
980885	11.8971	120.2291
980886	16.7782	121.0872
980887	14.2246	121.1385
980888	16.6749	120.9368
980889	10.1963	118.8933
980891	10.02	118.978
980892	10.027726	122.833079
980893	14.1617	121.0847
980894	8.5053	125.0571
980895	11.4916	119.871
980896	11.5738	123.1331
980897	9.4435	118.5603
980898	9.3747	118.1421
980899	8.9713	117.9994
980901	8.876	117.5013
980902	9.0195	117.648
980903	8.5481	123.3604
980904	16.9789	121.3263
980906	16.8389	121.0056
980907	10.8251	119.5167
980908	16.9752	121.2199
980909	16.7579	121.2342
980911	13.425	120.4469
980912	16.1039	119.835
980913	14.3923	121.337
980914	8.2463	123.8462
980915	15.194	120.5288
980916	5.8659	125.081
980917	10.6619	122.3217
980918	13.633	123.191
980919	13.6806	123.2183
980921	12.9021	123.2462
980922	8.1815	124.1092
980923	10.283	123.8817
980924	11.3221	119.54
980925	10.5179	119.268
980926	11.0147	119.4193
980927	10.5281	119.7701
980928	10.4116	119.1783
980929	10.1442	119.2138
980931	11.0071	119.3056
980932	10.5499	119.9861
980933	13.1475	123.7519
980934	9.6595	125.602
980935	9.573	125.7327
980936	9.8644	126.1
980937	11.4529	123.2439
980938	11.4273	122.9307
980939	14.2351	121.059
980941	14.4484	120.5296
980942	14.5443	121.2058
980943	7.2759	124.3021
980944	7.2201	124.2439
980945	7.1634	124.2132
980946	14.0082	121.1662
980947	15.116376	120.513195
980948	10.290108	123.896912
980949	10.268333	123.96055
980951	8.834344	117.877949
980952	9.2834	118.422228
980953	8.677431	117.634635
980955	18.526837	120.687147
980956	11.4818332	122.832365
980957	11.387384	122.780834
980958	11.487845	122.997089
980959	11.452731	123.154133
980961	11.462798	122.768572
980962	12.132657	119.934412
980963	9.574958	121.194343
980964	10.30579	124.9805
980965	11.88574	120.01452
980966	14.292504	121.099862
980967	11.89437	120.019184
980968	11.265886	119.674031
980969	11.257102	123.014228
980971	11.225491	122.928794
980972	11.262094	122.68743
980973	11.433472	122.6647
980974	8.215585	117.101856
980975	10.51771	123.42815
980976	16.720732	121.06945
980977	16.6489	121.1774
980978	16.519903	121.076134
980979	16.344304	120.92571
980982	16.156318	120.903032
980983	14.541113	121.027546
980984	10.162891	125.668244
980985	14.230609	121.071745
980986	8.977656	125.330971
980987	7.370087	125.8621
